2 0.47422 0.495436 0.0184354 0.0039704 0.00310772 0.00188826 0.0012773 0.000793594 0.000390899 0.00048083 
3 0.549104 0.427052 0.014594 0.00308381 0.00241376 0.00146661 0.00099208 0.000616384 0.000303611 0.00037346 
4 0.623866 0.373314 0.0020008 0.00027335 0.000213957 0.00013 8.79383e-05 5.46365e-05 2.69122e-05 3.31036e-05 
5 0.545704 0.393646 0.0202018 0.00435113 0.00340574 0.0157667 0.00140102 0.000869693 0.000433232 0.0142207 
6 0.507307 0.474891 0.0122943 0.00183602 0.0014371 0.000873182 0.000590661 0.00036698 0.000180763 0.000222349 
7 0.266189 0.720566 0.0104334 0.00137216 0.000717792 0.000320663 0.00019638 0.000101566 6.03217e-05 4.29787e-05 
8 0.426503 0.532453 0.0231378 0.0147609 0.00156817 0.000700558 0.000429033 0.000221892 0.000131786 9.38961e-05 
9 0.358863 0.629838 0.00822727 0.00149889 0.000784085 0.000350279 0.000214517 0.000110946 6.58928e-05 4.6948e-05 
10 0.285398 0.692768 0.0170356 0.00234155 0.00122489 0.000547202 0.000335115 0.000173318 0.000102937 7.33417e-05 
11 0.504536 0.45847 0.00853113 0.0133229 0.00716783 0.000871988 0.00633383 0.000364879 0.000179724 0.000221071 
12 0.00178157 0.689206 0.102847 0.073719 0.0787915 0.0056583 0.0355741 2.21897e-07 0.00967915 0.00274379 
13 0.584253 0.390711 0.0181314 0.0023022 0.00180158 0.00109464 0.000740466 0.000460055 0.000226608 0.000278742 
14 0.228794 0.368362 0.402128 0.000240169 0.000186091 0.000113069 7.64853e-05 4.75207e-05 2.34071e-05 2.87923e-05 
15 0.203394 0.732277 0.0366602 0.00662888 0.00346764 0.0018739 0.0147025 0.000496593 0.000291413 0.000207629 
16 0.18568 0.811147 0.00183933 0.000950831 0.000214642 7.50256e-05 4.59469e-05 2.37633e-05 1.41135e-05 1.00557e-05 
17 0.228612 0.728679 0.0312281 0.00560298 0.00293099 0.00130938 0.000801883 0.000414726 0.000246314 0.000175496 
18 0.708169 0.290468 0.000865153 0.000165952 0.000129894 7.8924e-05 5.33878e-05 3.31701e-05 1.63385e-05 2.00974e-05 
19 0.110224 0.886733 0.00149692 0.000864895 0.000181009 4.40937e-05 0.000427788 1.39632e-05 8.29272e-06 5.90849e-06 
20 0.478692 0.508391 0.00784871 0.00168953 0.00132244 0.000803513 0.000543533 0.0003377 0.00016634 0.000204609 
21 0.988182 0.011224 0.000223927 0.000306632 2.57274e-05 1.47259e-05 9.96131e-06 6.189e-06 3.0485e-06 3.74985e-06 
22 0.148031 0.704599 0.110005 0.0196231 0.0086338 0.00366044 0.00269155 0.00126023 0.000586405 0.000908318 
23 0.188373 0.803694 0.00577446 0.00105291 0.000550789 0.000246057 0.000150689 7.79351e-05 4.62871e-05 3.29791e-05 
24 0.122906 0.515481 0.253508 0.0681611 0.0141275 0.0175405 0.00408976 0.00191489 0.000891032 0.00138017 
25 0.165695 0.833355 0.000580684 0.000123304 9.6513e-05 5.86415e-05 3.96678e-05 2.46458e-05 1.21397e-05 1.49326e-05 
26 0.249257 0.744076 0.00271165 0.0022983 0.00126814 0.000152476 0.000102801 6.38708e-05 3.14607e-05 3.86986e-05 
27 0.823611 0.171092 0.0033372 0.000653564 0.000511559 0.000310824 0.000210256 0.000130633 6.43455e-05 7.91489e-05 
28 0.74482 0.25023 0.00215784 0.0018805 0.000357365 0.00021673 0.000146606 9.10869e-05 4.48664e-05 5.51885e-05 
29 0.194094 0.787087 0.0137158 0.00249022 0.00130266 0.000581945 0.000356393 0.000184323 0.000109473 7.79983e-05 
30 0.466971 0.502252 0.0187174 0.00402066 0.00314706 0.00191216 0.00129347 0.00080364 0.000395847 0.000486917 
31 0.249282 0.711885 0.0220439 0.0125655 0.00210698 0.000940065 0.000575711 0.000297752 0.000176841 0.000125997 
32 0.305957 0.670343 0.0175577 0.00299777 0.00156817 0.000700558 0.000429033 0.000221892 0.000131786 9.38961e-05 
33 0.502712 0.495876 0.000888831 0.000174236 0.000136378 8.28637e-05 5.60528e-05 3.48259e-05 1.71541e-05 2.11006e-05 
34 0.513277 0.423431 0.0349507 0.00498328 0.0159211 0.00407428 0.00145978 0.000906965 0.000446742 0.00054952 
35 0.538788 0.392202 0.0291089 0.00429238 0.0033597 0.00204252 0.0154395 0.0138249 0.000422897 0.000519816 
36 0.65417 0.318414 0.0206147 0.0025954 0.00164648 0.0010004 0.000676717 0.000420447 0.000207099 0.000254744 
37 0.315442 0.664696 0.0145337 0.00260028 0.00136024 0.000607666 0.000372145 0.000192469 0.000114311 8.14457e-05 
38 0.346095 0.647387 0.00181264 0.000381398 0.00386414 0.000179834 0.000121648 7.55804e-05 3.72285e-05 4.57934e-05 
39 0.233268 0.73549 0.0227813 0.00412851 0.00215967 0.000964803 0.000590861 0.000305587 0.000181494 0.000129313 
40 0.504484 0.412668 0.0772412 0.00273637 0.00143141 0.000639463 0.000391617 0.000202541 0.000120293 8.57074e-05 
41 0.132453 0.534819 0.250926 0.0423965 0.0259154 0.0054235 0.00398621 0.00186641 0.000868474 0.00134523 
42 0.534079 0.409915 0.0384026 0.00287275 0.0022398 0.00136091 0.00107836 0.0072535 0.00245142 0.000346544 
43 0.57361 0.40144 0.0162085 0.00291406 0.0022809 0.00138588 0.000937471 0.000582455 0.000286898 0.000352903 
44 0.43344 0.542868 0.0225392 0.000406911 0.000292148 0.000177509 0.000120076 7.46035e-05 3.67473e-05 4.52014e-05 
45 0.585546 0.390172 0.014755 0.00317632 0.00248618 0.0015106 0.00102184 0.000634875 0.000312719 0.000384664 
46 0.708049 0.284582 0.00446015 0.000622081 0.00114977 0.000799309 0.000151432 8.87938e-05 4.37369e-05 5.37992e-05 
47 0.652519 0.329043 0.013259 0.00172741 0.00135118 0.000820981 0.000555349 0.000345041 0.000169956 0.000209057 
48 0.200348 0.75691 0.033728 0.0043986 0.00230096 0.00102792 0.000629516 0.000325579 0.000193368 0.000137773 
49 0.266233 0.691874 0.0315224 0.00506076 0.00264734 0.00118266 0.000724282 0.000374591 0.000222477 0.000158513 
50 0.495329 0.450602 0.0258043 0.00555473 0.00345302 0.00209806 0.00141923 0.000881771 0.000449825 0.0144076 
51 0.258227 0.698416 0.0362642 0.0034612 0.00181031 0.000808732 0.000495281 0.000256154 0.000152135 0.000108395 
52 0.214874 0.612423 0.0245159 0.139959 0.0068592 0.000608311 0.000372145 0.000192469 0.000114311 8.14457e-05 
53 0.191515 0.771854 0.0256663 0.0082059 0.00137554 0.000614456 0.000376303 0.00019462 0.000115589 8.23558e-05 
54 0.565671 0.384534 0.0166179 0.0035689 0.00306374 0.0126789 0.0123682 0.000713343 0.00035137 0.000432207 
55 0.844127 0.152276 0.00179424 0.00120051 0.000245702 0.000139484 9.43529e-05 5.86219e-05 2.88753e-05 3.55184e-05 
56 0.513085 0.436511 0.021699 0.0193652 0.00365616 0.00222148 0.00150271 0.00093364 0.000459881 0.000565682 
57 0.513087 0.436494 0.0217082 0.0193709 0.00365616 0.00222148 0.00150271 0.000933641 0.000459881 0.000565682 
58 0.231512 0.763563 0.00304257 0.000627731 0.000491339 0.000298538 0.000201945 0.000125469 6.18022e-05 7.60206e-05 
59 0.30043 0.653888 0.038712 0.00344209 0.00175859 0.000785626 0.00048113 0.000248836 0.000147788 0.000105298 
60 0.176323 0.658644 0.0339222 0.124613 0.00323952 0.00144721 0.000886292 0.000458381 0.000272241 0.000193969 
61 0.0382385 0.856684 0.0144675 0.0100927 0.070013 0.00363289 0.0023983 0.00219544 0.0014964 0.000780928 
62 0.282831 0.683894 0.000911427 0.00141057 0.0306461 0.000143927 0.000124022 0 2.20567e-07 3.80484e-05 
63 0.49847 0.467815 0.0204828 0.00441156 0.00345302 0.00209806 0.00141923 0.000881771 0.000434332 0.000534256 
64 0.520249 0.446498 0.0202018 0.00435112 0.00340572 0.00206932 0.00139978 0.000869692 0.000428382 0.000526937 
65 0.167292 0.568534 0.186325 0.033747 0.0286597 0.00620685 0.00456393 0.00213691 0.00099434 0.00154019 
66 0.20264 0.737798 0.0468717 0.00619281 0.00323951 0.00144721 0.000886292 0.000458381 0.000272241 0.000193969 
67 0.156259 0.597066 0.183047 0.028275 0.0120597 0.0159682 0.00361967 0.00169479 0.000788614 0.00122153 
68 0.172244 0.770303 0.00805591 0.0479414 0.000731208 0.000321601 0.000196954 0.000101862 6.04981e-05 4.31043e-05 
69 0.382841 0.581951 0.0259341 0.00452549 0.00236733 0.00105757 0.000647675 0.000334971 0.000198946 0.000141747 
70 0.87733 0.10989 0.0111191 0.000576085 0.000424988 0.000258223 0.000174674 0.000108526 5.34563e-05 6.57545e-05 
71 0.721417 0.26959 0.00546468 0.00117642 0.000920807 0.000559483 0.00037846 0.000235139 0.000115822 0.000142468 
72 0.431504 0.552022 0.010123 0.00211755 0.00165745 0.00100707 0.000681229 0.00042325 0.000208479 0.000256443 
73 0.662856 0.32506 0.00785017 0.0014117 0.00110497 0.00067138 0.000454152 0.000282167 0.000138986 0.000170962 
74 0.0242262 0.864187 0.0321498 0.029718 0.00926644 0.0279025 0.00454304 0.00479581 0.00103518 0.00217608 
75 0.182471 0.636837 0.137409 0.0227318 0.0100015 0.00424031 0.00311793 0.00145987 0.000679301 0.00105221 
76 0.179068 0.781305 0.0225448 0.00409263 0.0108347 0.000958271 0.000585723 0.00030293 0.000179916 0.000128189 
77 0.16477 0.570884 0.181597 0.0298324 0.0278723 0.0157963 0.00506063 0.00191489 0.000891032 0.00138017 
78 0.204557 0.780678 0.0111396 0.00176936 0.000925574 0.000413487 0.000253226 0.000130966 7.77833e-05 5.54198e-05 
79 0.221653 0.765679 0.00940908 0.00159004 0.000831766 0.00037158 0.000227561 0.000117692 6.98998e-05 4.9803e-05 
80 0.519574 0.432152 0.0207889 0.0185402 0.00350167 0.00212761 0.00143922 0.000894191 0.00044045 0.00054178 
81 0.63203 0.32102 0.0140203 0.0111979 0.0100649 0.00137166 0.000851536 0.000572389 0.00852466 0.000346494 
82 0.189485 0.724277 0.0493211 0.0170586 0.00344214 0.0145703 0.000920469 0.000458381 0.000272241 0.000193969 
83 0.0264998 0.86788 0.0529704 0.0165015 0.0155729 0.00734356 0.00724173 0.00240118 0.00175823 0.00183065 
84 0.00735463 0.804531 0.0557533 0.0366021 0.0407093 0.0361714 0.00710248 0.00410492 0.0056781 0.00199315 
85 0.222319 0.76843 0.00592467 0.000541451 0.00212677 0.00025735 0.000174079 0.000108156 5.32741e-05 6.55305e-05 
86 0.590059 0.359051 0.016951 0.00365094 0.00287095 0.0132142 0.00117766 0.000729742 0.000362063 0.0119338 
87 0.0072432 0.807492 0.0549085 0.0360475 0.0552437 0.0204721 0.00699486 0.00404273 0.00559207 0.00196295 
88 0.115411 0.674491 0.156786 0.0279989 0.012319 0.00522282 0.00384038 0.00179813 0.0008367 0.00129601 
89 0.864048 0.13451 0.000881117 0.000187173 0.000146504 8.90161e-05 6.02146e-05 3.74116e-05 1.84278e-05 2.26673e-05 
90 0.324541 0.629712 0.0373202 0.00487406 0.00177124 0.000791278 0.000484591 0.000250626 0.000148851 0.000106055 
91 0.212717 0.689344 0.0795515 0.0131087 0.00267276 0.00115776 0.000709034 0.000366705 0.000217793 0.000155176 
92 0.534514 0.446372 0.0116123 0.00250104 0.00195762 0.00118945 0.000804601 0.000499902 0.000246236 0.000302885 
93 0.625617 0.362204 0.00741557 0.00158816 0.00124309 0.000755302 0.000510921 0.000317438 0.00015636 0.000192332 
94 0.497896 0.472706 0.0214269 0.00388968 0.00203473 0.000908988 0.000556679 0.000287909 0.000170995 0.000121832 
95 0.203039 0.724133 0.0430637 0.00713107 0.00373034 0.00166648 0.00102058 0.00123803 0.0147548 0.000223387 
96 0.0847503 0.230737 0.384356 0.253769 0.0207093 0.0157644 0.00299257 0.00220494 0.00114158 0.00357539 
97 0.284738 0.64767 0.0314577 0.0178757 0.00671851 0.00986135 0.000821443 0.000424841 0.000252321 0.000179777 
98 0.0386901 0.885723 0.0106046 0.00723819 0.0502113 0.00260541 0.00171999 0.00157451 0.00107317 0.000560059 
99 0.62731 0.355516 0.0105578 0.00220578 0.00172651 0.00104903 0.000709613 0.000440886 0.000217166 0.000267128 
100 0.540549 0.443495 0.0097298 0.00207603 0.00162495 0.000987324 0.000667871 0.000414951 0.000204392 0.000251414 
101 0.122925 0.653332 0.16697 0.029817 0.0131189 0.00556197 0.00408975 0.00191489 0.000891032 0.00138017 
102 0.205279 0.787319 0.0054016 0.000976454 0.000510794 0.00022819 0.000139747 7.22759e-05 4.2926e-05 3.05844e-05 
103 0.0965149 0.319123 0.564029 0.0106786 0.00469839 0.00199196 0.0014647 0.000685797 0.000319114 0.000494294 
104 0.145596 0.588012 0.199137 0.0353216 0.0155408 0.00658879 0.00484478 0.00226841 0.00105553 0.00163497 
105 0.100291 0.876946 0.0107524 0.00910042 0.000919277 0.000746305 0.000225373 0.00022655 0.000173272 0.000619009 
106 0.104585 0.464495 0.393444 0.0200332 0.0084887 0.00359892 0.00264631 0.00123905 0.00057655 0.000893052 
107 0.797569 0.198944 0.00272085 0.000255743 0.000200175 0.000121627 8.22739e-05 5.11172e-05 2.51787e-05 3.09713e-05 
108 0.464129 0.528085 0.00570801 0.00101433 0.000530609 0.000237042 0.000145169 7.50797e-05 4.45913e-05 3.17709e-05 
109 0.317116 0.646447 0.0293203 0.00438776 0.00136024 0.000607666 0.000372145 0.000192469 0.000114311 8.14457e-05 
110 0.694625 0.296729 0.00555271 0.00103127 0.000807201 0.000490456 0.000331767 0.000206128 0.000101532 0.000124891 
111 0.192601 0.780223 0.0206153 0.00320171 0.00167485 0.000748215 0.000458219 0.000236986 0.000140751 0.000100284 
112 0.383673 0.592339 0.0174719 0.00318007 0.00166353 0.000743159 0.000455123 0.000235385 0.0001398 9.96059e-05 
113 0.242603 0.747232 0.00742475 0.00133708 0.00069944 0.000312465 0.000191359 9.89687e-05 5.87794e-05 4.18798e-05 
114 0.47421 0.508744 0.0111287 0.00197287 0.00154421 0.000938264 0.000634685 0.000394333 0.000194236 0.000238922 
115 0.290812 0.691068 0.0110097 0.00237039 0.00185536 0.00112732 0.000762569 0.000473788 0.000233373 0.000287063 
116 0.0411354 0.830676 0.0155636 0.0108573 0.075317 0.00396473 0.0176749 0.00236177 0.00160976 0.000840089 
117 0.130693 0.312344 0.430462 0.0805531 0.0212171 0.0106531 0.0071256 0.00299328 0.00169804 0.00226051 
118 0.022288 0.863907 0.0409258 0.0404712 0.00852513 0.012337 0.00417959 0.00441214 0.000952363 0.002002 
119 0.0366883 0.862494 0.013881 0.00968353 0.0671746 0.00348561 0.00230107 0.00210643 0.00143573 0.000749269 
120 0.021272 0.804851 0.0678788 0.0466916 0.0227783 0.0147601 0.0104506 0.00389705 0.00449759 0.00292256 
121 0.0323207 0.878864 0.0122285 0.00853073 0.0591776 0.00307066 0.00202714 0.00185567 0.00126481 0.00066007 
122 0.344765 0.632549 0.0137825 0.00296852 0.00232353 0.00141178 0.000954993 0.000593342 0.000292261 0.000359499 
123 0.010469 0.79409 0.0666156 0.0567457 0.0276844 0.0179393 0.0127015 0.00473641 0.0054663 0.00355204 
124 0.00848261 0.71438 0.0799184 0.0929578 0.0335653 0.0260253 0.0249453 0.00571621 0.00472726 0.00928211 
125 0.0704233 0.925802 0.00229356 0.000493985 0.000386653 0.000234931 0.000158918 9.87365e-05 4.86344e-05 5.98233e-05 
126 0.00958433 0.811475 0.0610019 0.0519503 0.0253449 0.0164233 0.0116281 0.00433615 0.00500436 0.00325187 
127 0.0606849 0.937126 0.000942747 0.000265938 0.000733368 9.6616e-05 6.52101e-05 4.05154e-05 1.99566e-05 2.45478e-05 
128 0.139944 0.829345 0.0194085 0.00796604 0.00166353 0.000743159 0.000455123 0.000235385 0.0001398 9.9606e-05 
129 0.0371929 0.959615 0.00131247 0.000586241 0.000408732 0.000331835 0.000100209 0.000100733 7.70433e-05 0.000275234 
130 0.0379552 0.906942 0.0203869 0.00860949 0.00812499 0.00383142 0.00614479 0.00613255 0.000917448 0.000955119 
131 0.203039 0.743287 0.0390611 0.00713107 0.00373034 0.00166648 0.00102058 0.000527833 0.00031349 0.000223359 
132 0.106987 0.472616 0.32763 0.0590723 0.0155592 0.00781228 0.00522544 0.00219508 0.00124523 0.00165771 
133 0.116565 0.303418 0.440163 0.0853569 0.0189263 0.00950212 0.0198681 0.00266969 0.00151447 0.00201613 
134 0.889779 0.104481 0.00208203 0.00156669 0.000318221 0.000213166 0.00105985 0.000410787 3.99897e-05 4.91898e-05 
135 0.127891 0.55738 0.215277 0.0585075 0.0265453 0.00578748 0.00425555 0.00199252 0.000927154 0.00143612 
136 0.226782 0.7252 0.027339 0.00495422 0.00259161 0.00155842 0.0108345 0.000366851 0.000217793 0.000155176 
137 0.614476 0.357761 0.0202013 0.00252131 0.00197316 0.00119889 0.000810986 0.000503869 0.00024819 0.000305289 
138 0.449322 0.481683 0.059843 0.00316056 0.00234545 0.0014251 0.000964003 0.000598939 0.000295018 0.000362891 
139 0.541926 0.348124 0.108206 0.000291944 0.00110618 0.000136107 9.09113e-05 5.64836e-05 2.7822e-05 3.42228e-05 
140 0.239379 0.750851 0.00712789 0.00128945 0.000674528 0.000301336 0.000184543 9.54437e-05 5.66859e-05 4.03882e-05 
141 0.104348 0.27571 0.50327 0.0811861 0.0184836 0.00732401 0.00489885 0.00205788 0.0011674 0.0015541 
142 0.204068 0.675263 0.100566 0.0151912 0.00245956 0.00108899 0.000666913 0.000344921 0.000204855 0.000145957 
143 0.234732 0.631783 0.100861 0.0171336 0.00753847 0.00319606 0.00235008 0.00110035 0.000512011 0.000793084 
144 0.298568 0.689571 0.00924791 0.00127548 0.000667216 0.000298069 0.000182543 9.44092e-05 5.60714e-05 3.99504e-05 
145 0.0994692 0.839601 0.00862707 0.00582586 0.040414 0.00209704 0.00138439 0.00126729 0.000863774 0.00045078 
146 0.275635 0.705665 0.00772315 0.0034227 0.00238633 0.00193738 0.000585059 0.000588115 0.000449808 0.00160692 
147 0.129782 0.866985 0.00235595 0.000427864 0.000223821 9.99887e-05 6.12347e-05 3.167e-05 1.88094e-05 1.34015e-05 
148 0.203796 0.263602 0.442138 0.0578563 0.0150573 0.00756027 0.00505688 0.00212427 0.00120506 0.00160423 
149 0.232803 0.747407 0.0144912 0.00258599 0.00135276 0.000604327 0.0003701 0.000191412 0.000113683 8.09982e-05 
150 0.259287 0.703016 0.0274366 0.00500692 0.00261918 0.00117008 0.000716577 0.000370606 0.00022011 0.000156826 
151 0.525016 0.464388 0.00480207 0.00379079 0.000809856 0.000466236 0.000315384 0.000195949 9.65183e-05 0.000118723 
152 0.192008 0.734092 0.0386786 0.0286371 0.00328274 0.0014665 0.000898109 0.000464493 0.000275871 0.000196556 
153 0.0946177 0.278039 0.622038 0.000903521 0.00394695 0.000210516 0.000119429 6.17677e-05 3.6685e-05 2.61377e-05 
154 0.319987 0.675151 0.00332617 0.000513838 0.000400351 0.000243254 0.000164548 0.000102234 5.03574e-05 6.19427e-05 
155 0.234512 0.729936 0.0286365 0.00348592 0.00170974 0.000763803 0.000467765 0.000241923 0.000143683 0.000102373 
156 0.200035 0.739864 0.0345886 0.00611235 0.00319756 0.0143898 0.00090029 0.000452428 0.000268706 0.00019145 
157 0.211055 0.780526 0.00716003 0.00061443 0.000321413 0.000143587 8.7935e-05 4.54791e-05 2.70109e-05 1.9245e-05 
158 0.00735463 0.819915 0.0557533 0.0366021 0.040709 0.020787 0.00710248 0.00410492 0.0056781 0.00199315 
159 0.145497 0.81872 0.026041 0.00475405 0.0024869 0.00111099 0.000680386 0.000351889 0.000208993 0.000148906 
160 0.00703017 0.811879 0.0692711 0.0349907 0.038913 0.01987 0.00678913 0.00392382 0.00542759 0.00190522 
161 0.180204 0.769874 0.0393233 0.00517198 0.00270552 0.00120865 0.0007402 0.000382824 0.000227366 0.000161996 
162 0.0371087 0.913016 0.0139086 0.0117088 0.0121689 0.00518259 0.00340597 0.00130239 0.0014063 0.000791549 
163 0.208008 0.509929 0.249344 0.0172294 0.00753848 0.00319606 0.00235008 0.00110035 0.000512011 0.000793084 
164 0.375231 0.621761 0.00184234 0.000388779 0.000304306 0.000184897 0.000125073 7.77082e-05 3.82765e-05 4.70825e-05 
165 0.679426 0.232498 0.0861096 0.000168186 0.00159739 8.40104e-05 5.07622e-05 3.15388e-05 1.5535e-05 1.9109e-05 
166 0.668285 0.214657 0.105853 0.00935304 0.000725567 0.00044041 0.000297913 0.000185095 9.11718e-05 0.000112147 
167 0.106967 0.194359 0.530804 0.132832 0.0156418 0.0119071 0.00226034 0.00166543 0.000862259 0.00270056 
168 0.267738 0.717737 0.0105718 0.0019289 0.00100903 0.000450769 0.000276058 0.000142774 8.47965e-05 6.04167e-05 
169 0.195086 0.77915 0.0197367 0.00294157 0.00153877 0.000687422 0.000420989 0.000217731 0.000129315 9.21355e-05 
170 0.0910097 0.373079 0.484161 0.0223889 0.0191163 0.004118 0.00302799 0.00141775 0.000659706 0.00102186 
171 0.0923313 0.244881 0.424406 0.194988 0.0194035 0.0147273 0.00279569 0.00205988 0.00106648 0.00334017 
172 0.177409 0.82054 0.00149938 0.000269097 0.000140768 6.2886e-05 3.85124e-05 1.99182e-05 1.18298e-05 8.42863e-06 
173 0.490175 0.434524 0.0727044 0.000866192 0.000677433 0.000411609 0.000278431 0.000172991 8.52096e-05 0.000104813 
174 0.118749 0.28192 0.480462 0.0784347 0.018671 0.00937473 0.00627053 0.00263409 0.00149427 0.00198925 
175 0.0931557 0.258442 0.574811 0.0469905 0.0122836 0.00616759 0.00412535 0.00173295 0.000983074 0.00130872 
176 0.168002 0.775166 0.0447769 0.00588313 0.00307753 0.00137484 0.000841978 0.000435462 0.000258629 0.000184271 
177 0.331017 0.652986 0.00996801 0.00201033 0.00157353 0.000956079 0.000646736 0.00040182 0.000197924 0.000243458 
178 0.103997 0.590221 0.25774 0.0252323 0.0111006 0.00470628 0.00346056 0.00162029 0.00075395 0.00116784 
179 0.10863 0.627198 0.180184 0.0534948 0.019273 0.00451279 0.00331485 0.00155207 0.000722205 0.00111867 
180 0.497212 0.499401 0.00226675 0.000373688 0.000292492 0.000177718 0.000120217 7.46912e-05 3.67905e-05 4.52546e-05 
181 0.179983 0.782443 0.0213388 0.00388971 0.0102991 0.000909032 0.000556679 0.000287909 0.000170995 0.000121832 
182 0.375042 0.621491 0.00210775 0.000453113 0.000354661 0.000215493 0.000145769 9.05671e-05 4.46104e-05 5.48736e-05 
183 0.189851 0.807355 0.00203485 0.000370591 0.00019386 8.66044e-05 5.3038e-05 2.74307e-05 1.62916e-05 1.16076e-05 
184 0.150759 0.434492 0.164811 0.226319 0.0150261 0.0034538 0.0025396 0.00118908 0.000553302 0.000857042 
185 0.181757 0.757652 0.00164493 0.00256925 0.0558196 0.000262153 0.000225898 0 4.01748e-07 6.93025e-05 
186 0.425093 0.539653 0.0256302 0.00320841 0.00251129 0.00152586 0.00103216 0.000641288 0.000315878 0.00038855 
187 0.23486 0.749144 0.0116706 0.00211054 0.00110405 0.000493218 0.000302055 0.00015622 9.27818e-05 6.61062e-05 
188 0.0411354 0.830676 0.0155636 0.015066 0.0862598 0.00390811 0.00257999 0.00236176 0.00160976 0.000840089 
189 0.367945 0.606503 0.0155235 0.0033435 0.00261703 0.00159011 0.00107562 0.00066829 0.000329178 0.00040491 
190 0.0810488 0.914872 0.00247869 0.000533835 0.000417845 0.000253883 0.000171738 0.000106702 5.25578e-05 6.46494e-05 
191 0.0253273 0.873168 0.0336085 0.0310688 0.00968765 0.0140193 0.00474954 0.0050138 0.00108223 0.002275 
192 0.0669049 0.880889 0.00814271 0.00490809 0.0340474 0.00176668 0.0011663 0.00106764 0.0007277 0.000379766 
193 0.00735463 0.819915 0.0557533 0.0366021 0.040709 0.020787 0.00710248 0.00410492 0.0056781 0.00199315 
194 0.14125 0.586698 0.206805 0.0342674 0.0150769 0.00639211 0.00470016 0.00220069 0.00102402 0.00158617 
195 0.119013 0.569485 0.295201 0.00864196 0.00372751 0.00158034 0.00116203 0.000544083 0.000253171 0.000392152 
196 0.0915262 0.630082 0.246247 0.0168824 0.00742761 0.00314906 0.00231552 0.00108416 0.000504481 0.000781421 
197 0.129387 0.840829 0.0216787 0.00395505 0.00206893 0.000924265 0.000566035 0.000292748 0.000173868 0.00012388 
198 0.151642 0.783178 0.0566495 0.00606176 0.00123101 0.000549938 0.000336791 0.000174185 0.000103452 7.37084e-05 
199 0.297595 0.588389 0.0169118 0.0901235 0.00569785 0.000569924 0.000349006 0.000180502 0.000107204 7.63818e-05 
200 0.535502 0.435305 0.0232898 0.00234199 0.00267383 0.000349733 0.000233297 0.000144949 7.13971e-05 8.78229e-05 
201 0.678046 0.310219 0.00717698 0.00151977 0.00118956 0.000722778 0.00048892 0.000303768 0.000149626 0.00018405 
202 0.512086 0.408098 0.0253223 0.0304464 0.00365752 0.00222148 0.00266841 0.0144737 0.000459972 0.000565682 
203 0.154424 0.564811 0.221042 0.0316729 0.0136507 0.00578745 0.00425555 0.00199252 0.000927155 0.00143612 
204 0.11702 0.637405 0.198244 0.0261511 0.0103077 0.00437012 0.00321338 0.00150456 0.000700096 0.00108442 
205 0.372404 0.624656 0.00183414 0.000368483 0.00028842 0.000175244 0.000118543 7.36515e-05 3.62783e-05 4.46246e-05 
206 0.148243 0.603183 0.169986 0.0428238 0.0233738 0.00497991 0.00366175 0.00171449 0.000797784 0.00123574 
207 0.111342 0.555161 0.278562 0.0305154 0.0118842 0.00503849 0.00370483 0.00173466 0.00080717 0.00125027 
208 0.726476 0.261887 0.0104466 0.000397019 0.000310384 0.00018859 0.000127571 7.92603e-05 3.90411e-05 4.8023e-05 
209 0.355161 0.606912 0.0312437 0.00327821 0.00169795 0.000758535 0.000464539 0.000240255 0.000142692 0.000101667 
210 0.594909 0.366191 0.0283617 0.00355956 0.00273206 0.00166001 0.0011229 0.000697665 0.000343647 0.000422708 
211 0.141556 0.303154 0.42182 0.0888676 0.0205992 0.0103398 0.00691603 0.00290525 0.00164809 0.00219402 
212 0.0695194 0.36026 0.535991 0.0184065 0.0103299 0.00220855 0.00162325 0.000760033 0.000353657 0.0005478 
213 0.183658 0.548552 0.204754 0.0375526 0.0126452 0.0051599 0.00379411 0.00177646 0.00082662 0.0012804 
214 0.41296 0.582112 0.00302988 0.000632733 0.000495255 0.000300917 0.000203554 0.000126469 6.22947e-05 7.66263e-05 
215 0.520054 0.42249 0.0333441 0.00392533 0.00306947 0.0142105 0.00126155 0.000783797 0.000386073 0.000474894 
216 0.123266 0.637348 0.192379 0.0246873 0.0108619 0.00460507 0.00338614 0.00158545 0.000737736 0.00114272 
217 0.546974 0.392093 0.0341717 0.0180614 0.00340572 0.00206932 0.00139978 0.000869693 0.000428382 0.000526937 
218 0.544166 0.42018 0.0279087 0.00258237 0.00202128 0.00122813 0.000830767 0.000516159 0.000254243 0.000312735 
219 0.141532 0.584856 0.219622 0.0283643 0.0124711 0.0052873 0.00388779 0.00182033 0.00084703 0.00131202 
220 0.00848261 0.729764 0.0799009 0.0775917 0.0335643 0.0260253 0.0249453 0.00571621 0.00472726 0.00928211 
221 0.288028 0.689622 0.0163226 0.00294157 0.00153877 0.000687422 0.000420989 0.000217731 0.000129315 9.21355e-05 
222 0.194211 0.754448 0.0373628 0.00682102 0.00356816 0.00159402 0.000976206 0.000504884 0.00029986 0.000213648 
223 0.125376 0.280625 0.472585 0.0820302 0.0181861 0.00913123 0.00610766 0.00256567 0.00145546 0.00193758 
224 0.0791734 0.203065 0.462859 0.211546 0.0193669 0.0147273 0.00279569 0.00205988 0.00106648 0.00334017 
225 0.375539 0.603168 0.0129363 0.00278625 0.00218086 0.00132509 0.000896353 0.000556908 0.000274315 0.000337425 
226 0.0671232 0.895535 0.00593729 0.0103488 0.0051685 0.00220121 0.00144662 0.000553167 0.000710507 0.0109757 
227 0.092915 0.321472 0.552415 0.0175921 0.00759515 0.00322009 0.00236775 0.00110862 0.00051586 0.000799047 
228 0.275839 0.539306 0.138122 0.0199889 0.00926153 0.00977989 0.00490064 0.00128214 0.000596604 0.000924115 
229 0.00848261 0.729764 0.0799009 0.0775917 0.0335643 0.0260253 0.0249453 0.00571621 0.00472726 0.00928211 
230 0.00545635 0.7268 0.0675972 0.0961531 0.0522998 0.01703 0.0144898 0.00366491 0.00845132 0.00805766 
231 0.245029 0.748041 0.00561323 0.000642967 0.000336342 0.000150256 9.20194e-05 4.75915e-05 2.82655e-05 2.01389e-05 
232 0.186125 0.764674 0.035806 0.00653681 0.00341948 0.00152761 0.000935531 0.000483847 0.000287366 0.000204746 
233 0.0368535 0.341219 0.404717 0.143199 0.0251788 0.0142981 0.0239108 0.00182737 0.00595076 0.00284536 
234 0.0807396 0.901619 0.00749368 0.00330362 0.00343336 0.00146223 0.00096097 0.000367461 0.000396777 0.00022333 
235 0.318808 0.678555 0.0016645 0.000324445 0.000253951 0.000154301 0.000104376 6.48494e-05 3.19427e-05 3.92915e-05 
236 0.386744 0.593238 0.0147802 0.00174774 0.00136603 0.000830003 0.000561452 0.000348833 0.000171824 0.000211354 
237 0.186507 0.800981 0.00916327 0.0016342 0.00085487 0.000381901 0.000233883 0.000120962 7.18415e-05 5.11864e-05 
238 0.066975 0.337372 0.593623 0.000991067 0.000518322 0.000231553 0.000141807 7.3341e-05 4.35586e-05 3.10351e-05 
239 0.0103104 0.79721 0.0656062 0.0558859 0.027265 0.0176675 0.012509 0.00466465 0.00538348 0.00349822 
240 0.068015 0.875005 0.00787086 0.00547008 0.037946 0.00196897 0.00129984 0.00118989 0.000811024 0.000423251 
241 0.175836 0.678247 0.111764 0.0179368 0.00789184 0.00334587 0.00246024 0.00115193 0.000536011 0.000830259 
242 0.109196 0.675433 0.147117 0.0305164 0.00935447 0.0132235 0.00291586 0.00136524 0.000635283 0.0102433 
243 0.356228 0.491827 0.147203 0.00232065 0.00120688 0.000539155 0.000330187 0.000170769 0.000101423 7.22631e-05 
244 0.233588 0.740655 0.0141094 0.00968987 0.000983128 0.000433022 0.00026519 0.000137153 8.14581e-05 5.80381e-05 
245 0.203292 0.755784 0.0250403 0.0114344 0.00221804 0.000990879 0.000606831 0.000313847 0.0001864 0.000132808 
246 0.285719 0.692722 0.0159842 0.00272052 0.00142314 0.000635766 0.000389354 0.00020137 0.000119597 8.5212e-05 
247 0.246014 0.726916 0.0197073 0.00359275 0.00187941 0.0008396 0.000514185 0.000265931 0.000157942 0.000112532 
248 0.124542 0.569495 0.209251 0.0562428 0.0142201 0.0178643 0.00414373 0.00194009 0.000902756 0.00139833 
249 0.0855279 0.272897 0.589096 0.0336436 0.00869769 0.00436711 0.00292105 0.00122706 0.00069609 0.000926669 
250 0.111591 0.844147 0.0123371 0.0103932 0.0108016 0.00460028 0.00302328 0.00115606 0.00124829 0.000702611 
251 0.126699 0.319041 0.431003 0.0701969 0.0184254 0.0093088 0.0191014 0.00278648 0.00147461 0.00196308 
252 0.0271386 0.389696 0.34815 0.165002 0.0290524 0.014906 0.0137966 0.00210851 0.00686626 0.00328311 
253 0.633423 0.3653 0.000792872 0.000301658 7.17094e-05 4.3458e-05 2.9397e-05 1.82645e-05 8.99649e-06 1.10662e-05 
254 0.145535 0.84557 0.00657587 0.00113137 0.000591833 0.000264393 0.000161919 8.37427e-05 4.97364e-05 3.54367e-05 
255 0.197152 0.736237 0.0524281 0.00692133 0.00362063 0.00161746 0.000990562 0.000512308 0.00030427 0.000216789 
256 0.228125 0.763358 0.00620441 0.00112866 0.000590414 0.000263759 0.00016153 8.35419e-05 4.96171e-05 3.53517e-05 
257 0.206163 0.723953 0.0403345 0.0219529 0.00378773 0.00169212 0.00103628 0.000535953 0.000318313 0.000226795 
258 0.189341 0.801929 0.00141862 0.000265787 0.0069881 2.7054e-05 2.33113e-05 0 0 7.15161e-06 
259 0.528809 0.458734 0.00143299 0.0027313 0.00700392 2.73348e-05 2.33687e-05 0 7.11442e-06 0.00123162 
260 0.130166 0.291059 0.465477 0.0723178 0.0189233 0.00950142 0.00635527 0.00266969 0.00151447 0.00201613 
261 0.112516 0.690584 0.139141 0.0354377 0.0108636 0.00460507 0.00338614 0.00158545 0.000737736 0.00114272 
262 0.14548 0.560329 0.214911 0.0365617 0.0140299 0.00594849 0.0180678 0.00224246 0.000952909 0.00147602 
263 0.343087 0.626054 0.025471 0.00262934 0.00137543 0.000614456 0.000376303 0.00019462 0.000115589 8.23558e-05 
264 0.192239 0.781357 0.019365 0.00343541 0.0017971 0.000802829 0.000491666 0.000254284 0.000151024 0.000107604 
265 0.178718 0.772222 0.0406737 0.00409262 0.00214089 0.000956414 0.000585724 0.00030293 0.000179916 0.000128189 
266 0.40738 0.544205 0.0197263 0.0251097 0.00178409 0.000797011 0.000488103 0.000252442 0.00014993 0.000106824 
267 0.178037 0.765183 0.0365271 0.00489011 0.0128094 0.00113392 0.000694414 0.000359144 0.000213303 0.000151976 
268 0.139252 0.849677 0.0086299 0.00119152 0.000623298 0.00027845 0.000170527 8.81949e-05 5.23806e-05 3.73207e-05 
269 0.00545635 0.711415 0.0682169 0.105508 0.0577101 0.01703 0.0144898 0.00366491 0.00845132 0.00805766 
270 0.0888233 0.219945 0.402614 0.237234 0.0283056 0.014168 0.00268952 0.00198165 0.00102598 0.00321332 
271 0.32955 0.647568 0.012797 0.00681121 0.00128215 0.000778662 0.000526723 0.000327255 0.000161195 0.00019828 
272 0.113892 0.854553 0.0248573 0.00326842 0.00170974 0.000763803 0.000467765 0.000241923 0.000143683 0.000102373 
273 0.13697 0.809576 0.0441792 0.00452573 0.00236733 0.00105757 0.000647675 0.000334971 0.000198946 0.000141747 
274 0.270463 0.660936 0.0324267 0.0137054 0.0200601 0.00117932 0.000601412 0.000311044 0.000184735 0.000131622 
275 0.184899 0.770267 0.0355602 0.00452549 0.00236733 0.00105757 0.000647675 0.000334971 0.000198946 0.000141747 
276 0.511639 0.460441 0.016969 0.00365094 0.00285768 0.00173633 0.00117453 0.000729742 0.000359447 0.000442143 
277 0.213262 0.772631 0.0102954 0.00186028 0.000973133 0.000434733 0.000266238 0.000137696 8.178e-05 5.82675e-05 
278 0.659047 0.289626 0.0461013 0.0031425 0.000815868 0.00049528 0.00033503 0.000208156 0.000102531 0.000126119 
279 0.182752 0.730133 0.0615938 0.00612187 0.0155108 0.00210096 0.000874782 0.000452428 0.000268706 0.00019145 
280 0.621338 0.35942 0.0117396 0.00250104 0.00195762 0.00118945 0.000804601 0.000499902 0.000246236 0.000302885 
281 0.150496 0.814774 0.0252748 0.00461422 0.00241375 0.00107831 0.000660375 0.000341539 0.000202847 0.000144526 
282 0.125152 0.218466 0.574911 0.0499342 0.0179515 0.00609268 0.00379266 0.0015932 0.000903794 0.00120317 
283 0.260417 0.70791 0.0258942 0.00282215 0.00147427 0.000658608 0.000403343 0.000208605 0.000123894 8.82735e-05 
284 0.341202 0.651697 0.00516791 0.000943188 0.000493392 0.000220416 0.000134986 6.98136e-05 4.14636e-05 2.95424e-05 
285 0.5931 0.375329 0.0244065 0.00238861 0.00186931 0.00113579 0.000768303 0.00047735 0.000235127 0.000289221 
286 0.148132 0.832064 0.0165747 0.00157758 0.00082342 0.000367851 0.000225278 0.000116512 6.91985e-05 4.93033e-05 
287 0.186841 0.719955 0.0822145 0.00537766 0.00279776 0.00124986 0.000765434 0.000395875 0.000235118 0.000167519 
288 0.272501 0.705378 0.0175289 0.00224134 0.00117239 0.00052375 0.000320753 0.00016589 9.85255e-05 7.01985e-05 
289 0.191459 0.736176 0.0632601 0.00444655 0.00232267 0.00103762 0.000635455 0.000328651 0.000195192 0.000139072 
290 0.129182 0.560109 0.254997 0.0300863 0.0124711 0.0052873 0.00388779 0.00182033 0.00084703 0.00131202 
291 0.113397 0.539643 0.238298 0.0721672 0.0135452 0.00525986 0.0141031 0.00164398 0.000762327 0.00118081 
292 0.213462 0.749607 0.0214537 0.0114627 0.00200165 0.000894208 0.000547628 0.000283227 0.000168214 0.000119851 
293 0.264835 0.731812 0.00245928 0.000435788 0.000227965 0.00010184 6.23687e-05 3.22565e-05 1.91577e-05 1.36497e-05 
294 0.0222721 0.870187 0.0601564 0.0148514 0.0140156 0.00660921 0.00651756 0.00216106 0.00158241 0.00164758 
295 0.0203132 0.866981 0.046861 0.0249046 0.0127419 0.00600837 0.00592505 0.0019646 0.00143885 0.0128611 
296 0.618291 0.348986 0.0252989 0.00285519 0.00178862 0.00108677 0.000735139 0.000456745 0.000224978 0.000276737 
297 0.169488 0.799788 0.0224096 0.00405733 0.00212244 0.000948169 0.000580674 0.000300319 0.000178365 0.000127083 
298 0.132664 0.86354 0.00295417 0.000411049 0.000215024 9.60589e-05 5.88281e-05 3.04253e-05 1.80702e-05 1.28748e-05 
299 0.169972 0.799698 0.0220867 0.00402266 0.0021043 0.000940065 0.000575711 0.000297752 0.000176841 0.000125997 
300 0.451374 0.529414 0.0123084 0.00230168 0.00180158 0.00109464 0.000740466 0.000460055 0.000226608 0.000278742 
301 0.118833 0.25454 0.509726 0.0794613 0.0172887 0.00868031 0.00580605 0.00243897 0.00138359 0.0018419 
302 0.233731 0.75907 0.00565825 0.000751838 0.000393295 0.000175699 0.000107601 5.56501e-05 3.30517e-05 2.3549e-05 
303 0.496815 0.495282 0.0051597 0.0017861 0.000375038 0.000227844 0.000154124 9.5758e-05 4.71673e-05 5.80187e-05 
304 0.194491 0.529774 0.271066 0.00228373 0.00118939 0.000531341 0.000325402 0.000168295 9.99534e-05 7.12159e-05 
305 0.214497 0.74447 0.030073 0.0053483 0.00279776 0.00124986 0.000765434 0.000395875 0.000235118 0.000167519 
306 0.321568 0.663419 0.0113631 0.00121698 0.000952559 0.000578776 0.000391511 0.000243247 0.000119816 0.000147381 
307 0.591271 0.403823 0.00306754 0.00061319 0.000479957 0.000291623 0.000197267 0.000122563 6.03705e-05 7.42595e-05 
308 0.0729325 0.92339 0.00267949 0.000487216 0.000254868 0.000113859 6.97289e-05 3.60631e-05 2.14186e-05 1.52605e-05 
309 0.20071 0.773109 0.0209678 0.00254406 0.00133083 0.000594527 0.000364098 0.000188308 0.00011184 7.96848e-05 
310 0.247136 0.706735 0.038021 0.00395812 0.00206893 0.000924265 0.000566035 0.000292748 0.000173868 0.00012388 
311 0.117069 0.35703 0.457207 0.0451851 0.0108553 0.00545042 0.00364566 0.00153145 0.000868763 0.00115654 
312 0.10536 0.361354 0.348633 0.139501 0.0286294 0.00723231 0.0047029 0.00197557 0.0011207 0.00149194 
313 0.684434 0.309091 0.00266226 0.00118894 0.000828937 0.000672984 0.000203231 0.000204293 0.000156249 0.000558195 
314 0.220242 0.772049 0.00568677 0.000986689 0.000516148 0.000230582 0.000141212 7.30335e-05 4.3376e-05 3.0905e-05 
315 0.299016 0.665245 0.0282038 0.00367756 0.00192346 0.000859278 0.000526236 0.000272164 0.000161643 0.000115169 
316 0.230694 0.76129 0.00632094 0.000827154 0.000432694 0.0001933 0.00011838 6.12249e-05 3.63626e-05 2.5908e-05 
317 0.0835719 0.230081 0.466765 0.173838 0.0204213 0.0155454 0.002951 0.00217432 0.00112573 0.00352573 
318 0.173838 0.807808 0.0144804 0.00189021 0.000988766 0.000441717 0.000270515 0.000139908 8.30938e-05 5.92035e-05 
319 0.271834 0.702857 0.0200957 0.00254407 0.00133083 0.000594528 0.000364098 0.000188308 0.00011184 7.96848e-05 
320 0.164662 0.533622 0.295403 0.00310729 0.00159872 0.000714205 0.000437391 0.000226214 0.000134353 9.57252e-05 
321 0.569655 0.408432 0.0133303 0.00286155 0.0022398 0.00136091 0.000920579 0.00057196 0.000281729 0.000346544 
322 0.492636 0.463779 0.038551 0.00236525 0.00104461 0.000634708 0.000429346 0.000266754 0.000131395 0.000161624 
323 0.131647 0.63465 0.164868 0.0422235 0.0129511 0.00549066 0.00403732 0.00189034 0.000879608 0.00136248 
324 0.112023 0.249934 0.503138 0.0828088 0.030898 0.00913123 0.00610766 0.00256567 0.00145546 0.00193758 
325 0.130078 0.265249 0.426597 0.111384 0.0311203 0.00955262 0.0198181 0.00266977 0.00151447 0.00201613 
326 0.201678 0.700428 0.0852929 0.00618869 0.00319744 0.00142841 0.000874782 0.000452428 0.000268706 0.00019145 
327 0.217645 0.492728 0.244237 0.0430473 0.00148938 0.000379267 0.00023227 0.000120127 7.1346e-05 5.08334e-05 
328 0.138305 0.852242 0.00690137 0.00124511 0.00065133 0.000290973 0.000178196 9.21613e-05 5.47364e-05 3.89992e-05 
329 0.287767 0.615973 0.0804597 0.0122478 0.00177164 0.000791278 0.000484591 0.000250626 0.000148851 0.000106055 
330 0.477187 0.512613 0.00798443 0.000738688 0.000578181 0.000351304 0.000237638 0.000147645 7.27254e-05 8.94568e-05 
331 0.178795 0.809791 0.00647843 0.00118262 0.00313108 0.000276353 0.000169242 8.75301e-05 5.19858e-05 3.70394e-05 
332 0.748627 0.233763 0.0154483 0.000724277 0.000562484 0.000341766 0.000231186 0.000143637 7.07509e-05 8.7028e-05 
333 0.193993 0.708151 0.0612592 0.0179313 0.0155311 0.00139226 0.000852635 0.000440974 0.000261903 0.000186604 
334 0.849762 0.141158 0.00566522 0.00113847 0.000891103 0.000541435 0.000366252 0.000227554 0.000112086 0.000137872 
335 0.0363341 0.88152 0.0099777 0.00695717 0.0579313 0.00254296 0.0016532 0.00151336 0.0010315 0.00053831 
336 0.128743 0.292362 0.454008 0.0796254 0.0209004 0.0104941 0.00701925 0.00294861 0.00167269 0.00222677 
337 0.150593 0.788906 0.049664 0.00528821 0.00276632 0.00123582 0.000756834 0.000391427 0.000232476 0.000165637 
338 0.135581 0.290702 0.441284 0.0896985 0.0197449 0.00990289 0.0066238 0.00278249 0.00157846 0.00210132 
339 0.12626 0.617703 0.197749 0.0306121 0.0134687 0.00571029 0.00419881 0.00196595 0.000914793 0.00141698 
340 0.207102 0.738794 0.0426224 0.00560298 0.00293098 0.00130938 0.000801883 0.000414726 0.000246314 0.000175496 
341 0.121754 0.535825 0.236255 0.0621849 0.0303202 0.00549068 0.00403732 0.00189034 0.000879608 0.00136248 
342 0.189437 0.755468 0.0459475 0.00477785 0.00217879 0.000973341 0.00059609 0.000308292 0.0001831 0.000130457 
343 0.208008 0.776685 0.0119701 0.00162886 0.000851912 0.00038058 0.000233073 0.000120543 7.15929e-05 5.10093e-05 
344 0.170294 0.510175 0.255379 0.0394426 0.0120257 0.00509847 0.00374894 0.00175531 0.000816779 0.00126516 
345 0.450778 0.530086 0.0164574 0.00130736 0.000683896 0.000305521 0.000187106 9.67694e-05 5.74732e-05 4.09491e-05 
346 0.20056 0.577031 0.207513 0.0116253 0.00163048 0.000728395 0.000446081 0.000230708 0.000137022 9.7627e-05 
347 0.576982 0.408561 0.00907488 0.00179453 0.00140462 0.000853449 0.000577312 0.000358687 0.000176678 0.000217324 
348 0.110641 0.225457 0.567434 0.0616117 0.0160957 0.00808166 0.00540563 0.00227077 0.00128817 0.00171487 
349 0.246118 0.731252 0.0166769 0.00290525 0.00151977 0.000678936 0.000415791 0.000215043 0.000127718 9.0998e-05 
350 0.494968 0.489438 0.00995622 0.00187948 0.00147111 0.000893849 0.000604641 0.000375666 0.000185041 0.000227612 
351 0.123098 0.64055 0.184919 0.0270133 0.0118842 0.00503849 0.00370483 0.00173466 0.00080717 0.00125027 
352 0.344301 0.642712 0.00772322 0.00361507 0.00095342 0.000308954 0.000189208 9.78567e-05 5.8119e-05 4.14092e-05 
353 0 0.678053 0.0794286 0.167582 0.0205525 0.0397678 0.007307 0.00730939 0 0 
354 0.0343281 0.918079 0.020321 0.00854755 0.00806653 0.00380386 0.00375111 0.00124378 0.000910738 0.000948248 
355 0.344025 0.403681 0.248856 0.0021044 0.000665413 0.000297264 0.000182049 9.4154e-05 5.59199e-05 3.98424e-05 
356 0.14817 0.848952 0.00206511 0.000271022 0.000212131 0.000128891 8.71878e-05 5.41702e-05 2.66825e-05 3.28211e-05 
357 0.11771 0.66784 0.16302 0.0270107 0.0118842 0.00503849 0.00370483 0.00173466 0.00080717 0.00125027 
358 0.824619 0.165249 0.00701861 0.00103801 0.000812476 0.000493662 0.000333936 0.000207476 0.000102196 0.000125707 
359 0.11839 0.497872 0.327663 0.0301284 0.0126269 0.00535339 0.00393639 0.00184308 0.000857618 0.00132842 
